500 500 500 250 250 250 250 250 250 1024 1024 1024 59.1488 49.9425 11.3756
500 500 250 500 250 250 250 250 250 1024 1024 1024 59.1488 74.6055 11.2319
500 250 500 500 250 250 250 250 250 1024 1024 1024 59.1488 57.3475 11.4208
250 500 500 500 250 250 250 250 250 1024 1024 1024 59.1488 54.0935 11.2331
500 500 250 250 500 250 250 250 250 1024 1024 1024 59.1488 63.7565 11.388
500 250 500 250 500 250 250 250 250 1024 1024 1024 59.1488 49.4375 11.3664
250 500 500 250 500 250 250 250 250 1024 1024 1024 59.1488 53.4935 11.358
500 250 250 500 500 250 250 250 250 1024 1024 1024 59.1488 55.2705 11.1836
250 500 250 500 500 250 250 250 250 1024 1024 1024 59.1488 52.5095 11.1583
250 250 500 500 500 250 250 250 250 1024 1024 1024 59.1488 63.2465 10.9289
500 500 250 250 250 500 250 250 250 1024 1024 1024 59.1488 44.4005 11.3716
500 250 500 250 250 500 250 250 250 1024 1024 1024 59.1488 55.6485 11.5498
250 500 500 250 250 500 250 250 250 1024 1024 1024 59.1488 59.8885 11.3801
500 250 250 500 250 500 250 250 250 1024 1024 1024 59.1488 59.0425 11.4526
250 500 250 500 250 500 250 250 250 1024 1024 1024 59.1488 55.1705 11.2411
250 250 500 500 250 500 250 250 250 1024 1024 1024 59.1488 45.3945 11.1557
500 250 250 250 500 500 250 250 250 1024 1024 1024 59.1488 51.9435 11.36
250 500 250 250 500 500 250 250 250 1024 1024 1024 59.1488 47.6315 11.3725
250 250 500 250 500 500 250 250 250 1024 1024 1024 59.1488 66.5725 11.0423
250 250 250 500 500 500 250 250 250 1024 1024 1024 59.1488 62.2705 10.9665
500 500 250 250 250 250 500 250 250 1024 1024 1024 59.1488 72.9575 11.3712
500 250 500 250 250 250 500 250 250 1024 1024 1024 59.1488 54.0845 11.4855
250 500 500 250 250 250 500 250 250 1024 1024 1024 59.1488 50.2615 11.3363
500 250 250 500 250 250 500 250 250 1024 1024 1024 59.1488 56.7485 11.4531
250 500 250 500 250 250 500 250 250 1024 1024 1024 59.1488 50.8095 11.2595
250 250 500 500 250 250 500 250 250 1024 1024 1024 59.1488 62.3845 11.2049
500 250 250 250 500 250 500 250 250 1024 1024 1024 59.1488 51.5775 11.3179
250 500 250 250 500 250 500 250 250 1024 1024 1024 59.1488 67.8385 11.3728
250 250 500 250 500 250 500 250 250 1024 1024 1024 59.1488 57.6365 11.0384
250 250 250 500 500 250 500 250 250 1024 1024 1024 59.1488 50.9595 10.9045
500 250 250 250 250 500 500 250 250 1024 1024 1024 59.1488 52.1215 11.5215
250 500 250 250 250 500 500 250 250 1024 1024 1024 59.1488 43.7515 11.3369
250 250 500 250 250 500 500 250 250 1024 1024 1024 59.1488 83.5315 11.2725
250 250 250 500 250 500 500 250 250 1024 1024 1024 59.1488 52.3735 11.22
250 250 250 250 500 500 500 250 250 1024 1024 1024 59.1488 58.1385 11.0342
500 500 250 250 250 250 250 500 250 1024 1024 1024 59.1488 62.2815 11.3836
500 250 500 250 250 250 250 500 250 1024 1024 1024 59.1488 50.0785 11.5859
250 500 500 250 250 250 250 500 250 1024 1024 1024 59.1488 46.9965 11.3658
500 250 250 500 250 250 250 500 250 1024 1024 1024 59.1488 61.7485 11.5258
250 500 250 500 250 250 250 500 250 1024 1024 1024 59.1488 70.2875 11.2535
250 250 500 500 250 250 250 500 250 1024 1024 1024 59.1488 53.7875 11.4811
500 250 250 250 500 250 250 500 250 1024 1024 1024 59.1488 83.4055 11.3645
250 500 250 250 500 250 250 500 250 1024 1024 1024 59.1488 46.1025 11.388
250 250 500 250 500 250 250 500 250 1024 1024 1024 59.1488 60.2725 11.3691
250 250 250 500 500 250 250 500 250 1024 1024 1024 59.1488 45.6915 11.1079
500 250 250 250 250 500 250 500 250 1024 1024 1024 59.1488 49.6065 11.5944
250 500 250 250 250 500 250 500 250 1024 1024 1024 59.1488 52.9595 11.3719
250 250 500 250 250 500 250 500 250 1024 1024 1024 59.1488 64.6695 11.5483
250 250 250 500 250 500 250 500 250 1024 1024 1024 59.1488 55.4765 11.4496
250 250 250 250 500 500 250 500 250 1024 1024 1024 59.1488 50.6465 11.3331
500 250 250 250 250 250 500 500 250 1024 1024 1024 59.1488 61.6795 11.5966
250 500 250 250 250 250 500 500 250 1024 1024 1024 59.1488 55.1415 11.3859
250 250 500 250 250 250 500 500 250 1024 1024 1024 59.1488 63.6265 11.498
250 250 250 500 250 250 500 500 250 1024 1024 1024 59.1488 59.7005 11.4818
250 250 250 250 500 250 500 500 250 1024 1024 1024 59.1488 61.8685 11.2744
250 250 250 250 250 500 500 500 250 1024 1024 1024 59.1488 48.2795 11.5049
500 500 250 250 250 250 250 250 500 1024 1024 1024 59.1488 58.5055 11.36
500 250 500 250 250 250 250 250 500 1024 1024 1024 59.1488 62.7015 11.3163
250 500 500 250 250 250 250 250 500 1024 1024 1024 59.1488 53.8175 11.3559
500 250 250 500 250 250 250 250 500 1024 1024 1024 59.1488 68.4485 11.1834
250 500 250 500 250 250 250 250 500 1024 1024 1024 59.1488 54.5165 11.1846
250 250 500 500 250 250 250 250 500 1024 1024 1024 59.1488 66.2835 10.9387
500 250 250 250 500 250 250 250 500 1024 1024 1024 59.1488 52.5235 11.361
250 500 250 250 500 250 250 250 500 1024 1024 1024 59.1488 59.1175 11.3407
250 250 500 250 500 250 250 250 500 1024 1024 1024 59.1488 51.7555 11.0451
250 250 250 500 500 250 250 250 500 1024 1024 1024 59.1488 59.5925 10.9084
500 250 250 250 250 500 250 250 500 1024 1024 1024 59.1488 60.2865 11.3567
250 500 250 250 250 500 250 250 500 1024 1024 1024 59.1488 66.0555 11.3683
250 250 500 250 250 500 250 250 500 1024 1024 1024 59.1488 57.1965 11.038
250 250 250 500 250 500 250 250 500 1024 1024 1024 59.1488 63.0645 10.9313
250 250 250 250 500 500 250 250 500 1024 1024 1024 59.1488 51.2845 11.0372
500 250 250 250 250 250 500 250 500 1024 1024 1024 59.1488 76.4975 11.3235
250 500 250 250 250 250 500 250 500 1024 1024 1024 59.1488 57.4635 11.3326
250 250 500 250 250 250 500 250 500 1024 1024 1024 59.1488 50.7955 11.0431
250 250 250 500 250 250 500 250 500 1024 1024 1024 59.1488 66.8745 10.9388
250 250 250 250 500 250 500 250 500 1024 1024 1024 59.1488 50.0415 11.0403
250 250 250 250 250 500 500 250 500 1024 1024 1024 59.1488 49.2735 11.0377
500 250 250 250 250 250 250 500 500 1024 1024 1024 59.1488 51.9485 11.3786
250 500 250 250 250 250 250 500 500 1024 1024 1024 59.1488 51.7415 11.3784
250 250 500 250 250 250 250 500 500 1024 1024 1024 59.1488 46.8615 11.37
250 250 250 500 250 250 250 500 500 1024 1024 1024 59.1488 52.1075 11.2099
250 250 250 250 500 250 250 500 500 1024 1024 1024 59.1488 60.0725 11.37
250 250 250 250 250 500 250 500 500 1024 1024 1024 59.1488 49.1905 11.3303
250 250 250 250 250 250 500 500 500 1024 1024 1024 59.1488 49.2485 11.2695

500 500 250 250 250 250 500 500 250 1024 1024 1024 59.6097 65.3955 11.8183
500 250 500 250 250 250 500 500 250 1024 1024 1024 59.6097 75.7255 11.7914
500 250 250 500 250 250 500 500 250 1024 1024 1024 59.6097 72.6925 11.7633
500 250 250 250 500 250 500 500 250 1024 1024 1024 59.6097 59.4295 11.7559
500 250 250 250 250 500 500 500 250 1024 1024 1024 59.6097 58.6675 11.7606
500 250 250 250 250 250 500 500 500 1024 1024 1024 59.6097 50.0975 11.7392

500 500 500 250 250 250 500 500 250 1024 1024 1024 62.2301 44.8425 11.9726
500 500 250 500 250 250 500 500 250 1024 1024 1024 62.2301 58.6395 11.9473
500 500 250 250 500 250 500 500 250 1024 1024 1024 62.2301 61.6655 11.9503
500 500 250 250 250 500 500 500 250 1024 1024 1024 62.2301 57.6035 11.9797
500 500 250 250 250 250 500 500 500 1024 1024 1024 62.2301 61.2105 11.9455

500 500 500 250 250 500 500 500 250 1024 1024 1024 63.5169 52.3575 12.2083
500 500 250 500 250 500 500 500 250 1024 1024 1024 63.5169 58.0655 12.198
500 500 250 250 500 500 500 500 250 1024 1024 1024 63.5169 62.3155 12.0789
500 500 250 250 250 500 500 500 500 1024 1024 1024 63.5169 68.0675 12.085

500 500 500 500 250 500 500 500 250 1024 1024 1024 63.9618 87.7645 12.2643
500 500 500 250 500 500 500 500 250 1024 1024 1024 63.9618 63.1165 12.2654
500 500 500 250 250 500 500 500 500 1024 1024 1024 63.9618 61.3755 12.2854

500 500 500 500 250 500 500 500 500 1024 1024 1024 66.9773 102.458 12.3319
500 500 500 250 500 500 500 500 500 1024 1024 1024 66.9773 67.3245 12.2818

500 500 500 500 500 500 500 500 500 1024 1024 1024 68.6552 117.785 12.2707
