500 250 250 250 250 250 250 250 250 1024 1024 1024 55.7025 71.6575 10.5249
250 500 250 250 250 250 250 250 250 1024 1024 1024 55.7025 47.7255 10.5207
250 250 500 250 250 250 250 250 250 1024 1024 1024 55.7025 49.9575 10.3707
250 250 250 500 250 250 250 250 250 1024 1024 1024 55.7025 52.0175 9.75662
250 250 250 250 500 250 250 250 250 1024 1024 1024 55.7025 52.3355 10.3679
250 250 250 250 250 500 250 250 250 1024 1024 1024 55.7025 62.4255 10.3716
250 250 250 250 250 250 500 250 250 1024 1024 1024 55.7025 43.8855 10.3615
250 250 250 250 250 250 250 500 250 1024 1024 1024 55.7025 53.7255 10.5206
250 250 250 250 250 250 250 250 500 1024 1024 1024 55.7025 54.1855 10.3694
500 500 250 250 250 250 250 250 250 1024 1024 1024 56.6497 56.2535 11.0643
500 250 500 250 250 250 250 250 250 1024 1024 1024 56.6497 56.3255 11.0333
500 250 250 500 250 250 250 250 250 1024 1024 1024 57.0024 63.0555 10.7785
500 250 250 250 500 250 250 250 250 1024 1024 1024 56.6497 51.3115 11.0571
500 250 250 250 250 500 250 250 250 1024 1024 1024 56.6497 62.3895 11.0527
500 250 250 250 250 250 500 250 250 1024 1024 1024 56.6497 77.2135 11.0344
500 250 250 250 250 250 250 500 250 1024 1024 1024 56.6497 57.6715 11.0632
500 250 250 250 250 250 250 250 500 1024 1024 1024 56.6497 53.0075 11.0504
